4
5 5 10
0 0 0 50 0
0 0 20 0 0
0 0 10 0 0
0 10 1 10 0
0 0 0 0 0
5 5 10
100 0 0 0 0
0 0 0 0 0
0 0 10 0 0
0 10 1 10 0
0 0 10 0 0
10 10 50
0 0 40 0 0 0 0 0 0 0
0 0 0 0 0 0 0 10 0 0
0 0 10 0 0 20 0 0 0 0
0 20 0 0 0 0 0 0 0 20
0 0 0 0 1 0 10 0 0 0
0 0 50 0 0 0 0 0 0 0
0 0 0 0 10 0 30 0 10 0
0 40 0 0 0 0 0 0 0 0
0 0 0 60 0 0 0 10 0 0
0 0 0 0 0 0 30 0 0 0
20 20 1000
0 0 0 0 0 0 50 0 0 0 0 0 150 0 0 0 0 100 0 0
0 0 0 100 0 0 0 0 0 0 0 0 0 0 0 0 0 0 0 0
0 0 0 0 0 0 200 0 0 0 0 0 0 100 0 0 0 0 0 0
0 0 20 0 0 0 0 0 0 0 0 0 0 0 0 0 0 0 0 0
0 0 0 0 0 0 0 0 50 0 0 0 0 0 0 0 0 0 0 0
0 0 0 0 0 0 0 0 0 0 0 0 0 0 0 0 0 0 0 0
0 0 0 0 20 0 0 0 0 0 0 0 0 0 0 0 0 0 0 0
0 0 0 0 0 0 0 0 0 0 0 0 0 0 0 0 40 0 0 0
0 0 0 0 0 0 0 0 0 0 0 0 0 0 0 0 0 0 0 0
0 0 0 0 0 0 0 0 0 0 0 0 90 0 0 0 0 0 0 0
0 0 0 0 0 0 0 80 0 0 0 0 0 0 0 0 0 0 0 0
0 0 0 0 0 0 0 0 0 0 0 0 0 0 0 0 0 0 0 0
0 0 0 60 0 0 0 0 0 0 0 0 0 80 0 0 0 0 0 0
0 0 0 0 0 0 0 0 0 0 0 0 0 0 0 0 0 0 0 0
0 0 0 0 0 0 0 0 0 1 0 0 0 0 0 0 30 0 0 0
0 0 0 0 0 0 0 0 0 0 0 0 0 0 0 0 0 0 0 0
0 0 0 20 0 0 0 0 0 0 0 50 0 0 0 0 0 0 0 0
0 0 0 0 0 0 0 0 0 0 0 0 0 0 0 0 0 0 0 0
0 0 0 0 0 0 0 0 300 0 0 0 0 0 100 0 0 0 0 0
0 0 10 0 0 0 0 0 0 0 0 0 0 0 0 0 0 0 0 0
